6.063829787234042284e-02 4.871630090837458099e-02 5.402742269018402654e-02
1.162765957446808412e-01 9.035236409404476254e-02 1.016882175909834957e-01
1.193617021276595913e-01 9.099196112637791822e-02 1.032637624842488999e-01
1.229787234042553218e-01 8.988680522973491183e-02 1.038605417136067022e-01
1.232978723404255378e-01 8.735699426530992018e-02 1.022614070163068434e-01
1.263829787234042601e-01 8.906037095492294609e-02 1.044888596867819680e-01
1.268085106382978722e-01 8.659931069717662078e-02 1.029159057347701911e-01
1.268085106382978722e-01 8.738027105471672662e-02 1.034653817444144142e-01
1.247872340425531940e-01 8.592451198301595539e-02 1.017720406105473291e-01
1.270212765957446921e-01 8.594477061038688359e-02 1.025216425141544513e-01
1.275531914893617003e-01 8.643654996864420792e-02 1.030447322821210071e-01
1.261702127659574679e-01 8.753313470817321307e-02 1.033589259198510468e-01
1.277659574468084924e-01 8.722390861978029930e-02 1.036722930336396037e-01
1.269148936170212683e-01 8.721749295111340394e-02 1.033864985753732146e-01
1.271276595744680882e-01 8.781305024794723579e-02 1.038748552318449897e-01
1.252127659574467922e-01 8.470903007469782198e-02 1.010533651836829777e-01
1.281914893617021323e-01 8.710149633576992623e-02 1.037253536592696729e-01
1.289361702127659881e-01 8.798115082667642972e-02 1.045924095332221165e-01
1.278723404255319163e-01 8.661269617947645050e-02 1.032740404304414994e-01
1.275531914893617003e-01 8.680874986638781321e-02 1.033087592380351472e-01
1.276595744680850963e-01 8.601386503629715463e-02 1.027782716874719310e-01
1.268085106382978999e-01 8.488432438774586031e-02 1.016950313960691271e-01
1.261702127659574402e-01 8.679011379228872280e-02 1.028391278331340641e-01
1.273404255319149081e-01 8.762519010011986242e-02 1.038140817251833187e-01
1.260638297872340441e-01 8.630825905730475645e-02 1.024649683320413285e-01
1.257446808510638281e-01 8.667793832044221047e-02 1.026189182059968757e-01
1.256382978723404320e-01 8.704975129842051906e-02 1.028434143430719122e-01
1.245744680851063740e-01 8.624027119364272020e-02 1.019220567614868844e-01
1.270212765957446921e-01 8.693608655828502507e-02 1.032236753536896617e-01
1.281914893617021323e-01 8.629885412083747320e-02 1.031540950547172597e-01
1.258510638297872242e-01 8.559427407312890368e-02 1.018904512785957645e-01
1.247872340425531801e-01 8.409243446389488841e-02 1.004756698024937694e-01
1.256382978723404320e-01 8.672723871095504300e-02 1.026179937302466733e-01
1.239361702127659559e-01 8.463379188596399649e-02 1.005819623437953919e-01
1.261702127659574679e-01 8.531409541077385195e-02 1.017957092203482794e-01
1.265957446808510523e-01 8.573582914955674150e-02 1.022343586610197502e-01
1.263829787234042601e-01 8.577227835821971125e-02 1.021907840505142939e-01
1.265957446808510800e-01 8.595178803513521537e-02 1.023877386287835034e-01
1.276595744680850963e-01 8.666454190601609320e-02 1.032413778567240759e-01
1.262765957446808640e-01 8.510069296199897215e-02 1.016781497057300115e-01
