1.079787234042553223e-01 8.079173710985411427e-02 9.242747632204030561e-02
1.063829787234042562e-01 7.646297364274472208e-02 8.897499554023793888e-02
9.553191489361703703e-02 6.405462624808656857e-02 7.668893704314456994e-02
1.011702127659574457e-01 7.090115707506160214e-02 8.337337179641145235e-02
1.070212765957446882e-01 7.289969485331988797e-02 8.672494755678016032e-02
1.023404255319148998e-01 6.619789670737627474e-02 8.039383362001040201e-02
1.046808510638297940e-01 7.109990027011776903e-02 8.468274272749640175e-02
1.087234042553191365e-01 7.299639145884261049e-02 8.734784393267697178e-02
1.091489361702127625e-01 7.354339437754189857e-02 8.787652152214291135e-02
1.127659574468085069e-01 7.331807845336718588e-02 8.886074804814962647e-02
1.176595744680851152e-01 7.996073220201464771e-02 9.521436216320799950e-02
1.120212765957446927e-01 7.552422727935968749e-02 9.022152148606212008e-02
1.053191489361702121e-01 6.922305470143391704e-02 8.353868641482278812e-02
1.121276595744680887e-01 7.767446958545036473e-02 9.177406514725207354e-02
1.058510638297872342e-01 7.140913848056280877e-02 8.528404206717778158e-02
1.064893617021276523e-01 6.887568704791871554e-02 8.364868601590629005e-02
1.037234042553191599e-01 6.845966132454983644e-02 8.248045883995142047e-02
1.103191489361702027e-01 7.433739502444551561e-02 8.882261064062621503e-02
1.073404255319149042e-01 7.397886398343767045e-02 8.759049036178229164e-02
1.078723404255319263e-01 7.287325721668985734e-02 8.698423544408148689e-02
1.068085106382978822e-01 7.393979186888610666e-02 8.738559573589980978e-02
1.125531914893617147e-01 7.645415023070392668e-02 9.105634239137383457e-02
1.089361702127659703e-01 7.537400085973817998e-02 8.909931491565457884e-02
1.034042553191489439e-01 6.750521433779581304e-02 8.168448983863162149e-02
1.136170212765957449e-01 7.249623905754612463e-02 8.851391588848947500e-02
1.069148936170212782e-01 7.316711084937009557e-02 8.687879608964642342e-02
1.106382978723404187e-01 7.126456202921147010e-02 8.669011411691952829e-02
1.138297872340425509e-01 7.600132025434966354e-02 9.114643251594531370e-02
1.136170212765957588e-01 7.806633548888702867e-02 9.254496216986050905e-02
1.152127659574468110e-01 7.887726412338189053e-02 9.364383906815161585e-02
1.055319148936170182e-01 7.279774900779048541e-02 8.616049270394439408e-02
1.087234042553191504e-01 6.886944137184490555e-02 8.432456936726731578e-02
1.056382978723404281e-01 6.879667844712968050e-02 8.332691256959016968e-02
1.120212765957446927e-01 7.697978671676401763e-02 9.125212132612729732e-02
1.120212765957446927e-01 7.453395282373120878e-02 8.951117126036162164e-02
1.058510638297872342e-01 7.207920970652877124e-02 8.576012249977418844e-02
1.045744680851063840e-01 7.242066200367730522e-02 8.557695574569661179e-02
1.056382978723404420e-01 6.580004862817116773e-02 8.109043605336556382e-02
1.069148936170212782e-01 7.000138243669799809e-02 8.460714325675122716e-02
1.054255319148936082e-01 6.885825395940839422e-02 8.330571904878335265e-02
